
state={
	id=351
	name="STATE_351"

	history={
		owner = SOV
		buildings = {
			infrastructure = 3

		}
		add_core_of = SOV

	}

	provinces={
		2 23 60 62 75 81 84 97 106 129 135 143 160 163 164 166 174 196 256 2996 3056 3057 3079 3087 3091 3099 3124 3135 3154 3157 3160 3164 3175 3190 6017 6073 6077 6091 6097 6112 6113 6119 6143 6158 6167 6180 6182 6189 6190 6215 9033 9043 9102 9110 9113 9122 9131 9133 9136 9159 9168 9188 9199 9200 9202 9207 9210 9222 9291 9358 11027 11035 11036 11062 11075 11086 11095 11099 11103 11107 11134 11143 11166 11168 11177 11180 11189 11213 11340 
	}
	manpower=2352100
	buildings_max_level_factor=1.000
	state_category=town
}
